-3.474802893871199228e+00
-3.474802893871199672e+00
-3.474802893871202336e+00
-3.474802893871203224e+00
-3.474802893871200116e+00
-3.474802893871197007e+00
-3.474802893871197007e+00
-3.474802893871196119e+00
-3.474802893871194343e+00
-3.474802893871194787e+00
-3.474802893871194343e+00
-3.474802893871195675e+00
-3.474802893871195675e+00
-3.474802893871197007e+00
-3.474802893871200560e+00
-3.474802893871201892e+00
-3.474802893871202336e+00
-3.474802893871203224e+00
-3.474802893871205889e+00
-3.474802893871205889e+00
-3.474802893871208109e+00
-3.474802893871205001e+00
-3.474802893871202336e+00
-3.474802893871208553e+00
-3.474802893871206777e+00
-3.474802893871211218e+00
-3.474802893871212106e+00
-3.474802893871212550e+00
-3.474802893871216547e+00
-3.474802893871217879e+00
-3.474802893871216547e+00
-3.474802893871216991e+00
-3.474802893871219656e+00
-3.474802893871221876e+00
-3.474802893878265131e+00
-3.474802893878264687e+00
-3.474802893878266463e+00
-3.474802893878265131e+00
-3.474802893878268240e+00
-3.474802893878267351e+00
-3.474802893878269128e+00
-3.474774245320833010e+00
-3.466667444062884407e+00
-3.437442833255178076e+00
-3.376069653441628571e+00
-3.267982824555458077e+00
-3.095645623526137591e+00
-2.841487805498346120e+00
-2.493971965214680342e+00
-2.057541471526514343e+00
-1.562398440174237013e+00
-1.065655612542363517e+00
-6.349291528416727282e-01
-3.191396267305577905e-01
-1.282217867519831744e-01
-3.685505886651426616e-02
-5.440517840791027696e-03
-6.012714495759911371e-04
-6.012714495730094727e-04
-6.012714495736542477e-04
-6.012714503434719426e-04
-6.004547229671380274e-04
-5.196325098042640315e-04
-4.334915151191333165e-04
-4.334915151224423015e-04
-4.334915151280939222e-04
-4.334915151270151410e-04
-4.334915151255134126e-04
-4.334915150563028790e-04
-4.334915150562720877e-04
-4.334915150609612079e-04
-4.334915150605574510e-04
-4.334915150564891992e-04
-4.334915150553307834e-04
-4.334915150549341822e-04
-4.334915150445428091e-04
-4.334915150416318347e-04
-4.334915150466018717e-04
-4.334915150502903817e-04
-4.334915150489113307e-04
-4.334915150481742359e-04
-4.334915150380019800e-04
-4.334915150374094093e-04
-4.334915150388744375e-04
-4.334915150409348011e-04
-4.334915150435135218e-04
-4.334915150478313569e-04
-4.334915150523598526e-04
-4.334915150529844072e-04
-4.334915150546501212e-04
-4.334915150561162336e-04
-4.334915150628362271e-04
-4.334915150608210205e-04
-4.334915150610779222e-04
-4.334915150655402815e-04
-4.334915150616403521e-04
-4.334915150569273795e-04
-4.334915150583842219e-04
-4.334915150590230339e-04
-4.334915150592318512e-04
-4.334915150607844287e-04
