7.372923882124337025e-01
7.372923882124448047e-01
7.372923882124335915e-01
7.372923882123344486e-01
7.372923882123280093e-01
7.372923882122260908e-01
7.372923882121762418e-01
7.372923882121731332e-01
7.372923882121847905e-01
7.372923882121747985e-01
7.372923882119931660e-01
7.372923882119711836e-01
7.372923882119802874e-01
7.372923882119641892e-01
7.372923882119569727e-01
7.372923882119618577e-01
7.372923882119758465e-01
7.372923882119734040e-01
7.372923882119574168e-01
7.372923882119704064e-01
7.372923882119806205e-01
7.372923882119748473e-01
7.372923882119810646e-01
7.372923882119657435e-01
7.372923882119822858e-01
7.372923882120199224e-01
7.372923981957393291e-01
7.372923981957678619e-01
7.372923981957634210e-01
7.373015247625304136e-01
7.373016487263707175e-01
7.374048103286550138e-01
7.376217042334713980e-01
7.379097406462281628e-01
7.382256936920884582e-01
7.385286809536192321e-01
7.387128678729182329e-01
7.387688228009897662e-01
7.387693337414303896e-01
7.387693585466091895e-01
7.387693713081885383e-01
7.387693713082007507e-01
7.387693713081779912e-01
7.387693713082309488e-01
7.387693713082250646e-01
7.387693713082392755e-01
7.387693709480416260e-01
7.377169161041743362e-01
7.351615249582067468e-01
7.310485658923504548e-01
7.253294111155335067e-01
7.179614803884647456e-01
7.089089168976784316e-01
6.981433901351549176e-01
6.856444463930396749e-01
6.714004595082078142e-01
6.554110718221476395e-01
6.376883831830034710e-01
6.182564053675421167e-01
5.971531788641976091e-01
5.744331254890969740e-01
5.501682434932825272e-01
5.244499959520497745e-01
4.973918836173853997e-01
4.691312567781654175e-01
4.398300424051937996e-01
4.096746913308536020e-01
3.788755047381010543e-01
3.476651908324184248e-01
3.162963777812868305e-01
2.850379454787415057e-01
2.541703331512978892e-01
2.239803905543585882e-01
1.947564674785096095e-01
1.667817665127417637e-01
1.403228229762217005e-01
1.156215670690205477e-01
9.289543498646378461e-02
7.233649822884771763e-02
5.410332626361423480e-02
3.831705328989645082e-02
2.506942112397463410e-02
1.442480288147967096e-02
6.417535589721190536e-03
1.060090044773074865e-03
-1.674856245184730115e-03
-2.072355545324542584e-03
-2.072374861263598725e-03
-2.072374861273728209e-03
-2.072379418479997244e-03
-2.072379418465662790e-03
-2.072379418492842438e-03
-2.072379418526434924e-03
-2.072379418538022443e-03
-2.072379418541440716e-03
-2.072379418563549767e-03
-2.072379418551853827e-03
-2.072379418553301021e-03
-2.072379418532306963e-03
-2.072379418554743009e-03
-2.072379418559845698e-03
