1.411052302841453887e+00
1.227645240268543381e+00
1.016021377172456441e+00
7.728315781838628329e-01
4.946185815087300597e-01
1.778122808949810230e-01
-1.806982436155203930e-01
-5.835412738382416142e-01
-1.032113998269960975e+00
-1.525708232280081678e+00
-2.059782311526611842e+00
-2.623293616087504443e+00
-3.194698563589251528e+00
-3.736511378221043511e+00
-4.188918112800206650e+00
-4.465876436144405659e+00
-4.465876436144401218e+00
-4.093354946441852604e+00
-3.321507149159760086e+00
-2.236088769292710055e+00
-1.021139271146844330e+00
1.225864802943186227e-01
1.058139099225049895e+00
1.737181162341749463e+00
2.179592991882624009e+00
2.438220656074352899e+00
2.570170205481458581e+00
2.621284020272842241e+00
2.622341428819821907e+00
2.592234697752599626e+00
2.540101212022722432e+00
2.471055855952397184e+00
2.388041685810240899e+00
2.293225674142120418e+00
2.188675925453648308e+00
2.076589503209893994e+00
1.959236154217788517e+00
1.838882166883396563e+00
1.717627994906802957e+00
1.597383411218326943e+00
1.479737071242434254e+00
1.365955066207485746e+00
1.257065692214758945e+00
1.153780338241931158e+00
1.056567727458828543e+00
9.656114653666896253e-01
8.809849161199877488e-01
8.025809360272592174e-01
7.302617653691809707e-01
6.638112583906392583e-01
6.028378998481143114e-01
5.470209866080131267e-01
4.960903491759026118e-01
4.496703465022565127e-01
4.074042688059719697e-01
3.689427014129849081e-01
3.340305720061490513e-01
3.023579748504711118e-01
2.736274756012646581e-01
2.475768393548324064e-01
2.239735040954816125e-01
2.025813133876251393e-01
1.831940157201751296e-01
1.656532205275142999e-01
1.497713308601875404e-01
1.353397240797291901e-01
1.222321051320352930e-01
1.103472048919597326e-01
9.960970489599177413e-02
8.987805899622612615e-02
8.106316931656895597e-02
7.306774620923926766e-02
6.582554400371108672e-02
5.925873811618675296e-02
5.329571983579246136e-02
4.783647188325105409e-02
4.291630969990734012e-02
3.846704457303313368e-02
3.439492943919135459e-02
3.074547919361033874e-02
2.743620135088922080e-02
2.442887338540063527e-02
2.170440702401504537e-02
1.923897018133911840e-02
1.700200884649675365e-02
1.497618572564353261e-02
1.315789751562550930e-02
1.154413174535959610e-02
1.005881857246540730e-02
8.722689443063903758e-03
7.501350874527492468e-03
6.451001487592936123e-03
5.496390389142984632e-03
4.636659118981273191e-03
3.922302184976018784e-03
3.228254615572100084e-03
2.672532140166372031e-03
2.273246922499174739e-03
2.025018004885247545e-03
1.965165645925629010e-03
1.964272768669197717e-03
