3.766255974769592285e-01
3.766259253025054932e-01
3.766261041164398193e-01
3.766261935234069824e-01
3.766267895698547363e-01
3.766267895698547363e-01
3.766267597675323486e-01
3.766268193721771240e-01
3.766268789768218994e-01
3.766269087791442871e-01
3.766266405582427979e-01
3.766267001628875732e-01
3.766267001628875732e-01
3.766267299652099609e-01
3.766266405582427979e-01
3.766266405582427979e-01
3.766267597675323486e-01
3.766268193721771240e-01
3.766267299652099609e-01
3.766267001628875732e-01
3.766267001628875732e-01
3.766267597675323486e-01
3.766267597675323486e-01
3.766267597675323486e-01
3.766267299652099609e-01
3.766267001628875732e-01
3.766266405582427979e-01
3.766263425350189209e-01
3.766263425350189209e-01
3.766263425350189209e-01
3.766262829303741455e-01
3.766261041164398193e-01
3.766260445117950439e-01
3.766257762908935547e-01
3.766258060932159424e-01
3.766185045242309570e-01
3.765959441661834717e-01
3.765845596790313721e-01
3.761795163154602051e-01
3.757788240909576416e-01
3.752044141292572021e-01
3.744502663612365723e-01
3.737125098705291748e-01
3.730386793613433838e-01
3.720916509628295898e-01
3.709438741207122803e-01
3.699028193950653076e-01
3.686451017856597900e-01
3.672764599323272705e-01
3.660167455673217773e-01
3.645882904529571533e-01
3.628621399402618408e-01
3.610464632511138916e-01
3.592154681682586670e-01
3.572652339935302734e-01
3.551925420761108398e-01
3.529868125915527344e-01
3.505889773368835449e-01
3.480724394321441650e-01
3.454869985580444336e-01
3.427314162254333496e-01
3.397772312164306641e-01
3.367109298706054688e-01
3.335579037666320801e-01
3.303047716617584229e-01
3.269834816455841064e-01
3.235955238342285156e-01
3.200828433036804199e-01
3.164161741733551025e-01
3.126126825809478760e-01
3.086794018745422363e-01
3.046161830425262451e-01
3.004391789436340332e-01
2.961489260196685791e-01
2.917174398899078369e-01
2.871378064155578613e-01
2.824496626853942871e-01
2.776916325092315674e-01
2.728627026081085205e-01
2.679457366466522217e-01
2.629449665546417236e-01
2.578763961791992188e-01
2.527347803115844727e-01
2.474962919950485229e-01
2.421609312295913696e-01
2.367688268423080444e-01
2.313564419746398926e-01
2.259113341569900513e-01
2.203957736492156982e-01
2.147984653711318970e-01
2.091422080993652344e-01
2.034515738487243652e-01
1.977383941411972046e-01
1.920137107372283936e-01
1.862976551055908203e-01
1.806142032146453857e-01
1.749743372201919556e-01
1.693583875894546509e-01
1.637279242277145386e-01
1.580765098333358765e-01
1.524558663368225098e-01
1.469300985336303711e-01
1.415057331323623657e-01
1.361276209354400635e-01
1.307486295700073242e-01
1.253940016031265259e-01
1.201422214508056641e-01
1.150392889976501465e-01
1.100537776947021484e-01
1.051311269402503967e-01
1.002719998359680176e-01
9.552696347236633301e-02
9.092560410499572754e-02
8.645398169755935669e-02
8.210298418998718262e-02
7.789471000432968140e-02
7.384497672319412231e-02
6.994160264730453491e-02
6.617644429206848145e-02
6.257174909114837646e-02
5.914325267076492310e-02
5.585212260484695435e-02
5.265484750270843506e-02
4.958390071988105774e-02
4.669971019029617310e-02
4.400844871997833252e-02
4.146471619606018066e-02
3.906384482979774475e-02
3.683715313673019409e-02
3.476590663194656372e-02
3.280249610543251038e-02
3.096737712621688843e-02
2.929012849926948547e-02
2.777163311839103699e-02
2.640287578105926514e-02
2.511858567595481873e-02
2.390565723180770874e-02
2.281721308827400208e-02
2.190308831632137299e-02
2.108502760529518127e-02
2.030418813228607178e-02
1.962812989950180054e-02
1.907564327120780945e-02
1.857888326048851013e-02
1.810785010457038879e-02
1.780230179429054260e-02
1.760878413915634155e-02
1.740732789039611816e-02
1.729066856205463409e-02
1.728939823806285858e-02
1.728835143148899078e-02
1.728837564587593079e-02
1.728831604123115540e-02
1.728827878832817078e-02
1.728823408484458923e-02
1.728825457394123077e-02
1.728834956884384155e-02
1.728844083845615387e-02
1.728834025561809540e-02
1.728849299252033234e-02
1.728837564587593079e-02
1.728830672800540924e-02
1.728838682174682617e-02
1.728826574981212616e-02
1.728831045329570770e-02
1.728833839297294617e-02
1.728804782032966614e-02
1.728275045752525330e-02
1.724384911358356476e-02
1.722135208547115326e-02
1.722093857824802399e-02
1.722054183483123779e-02
1.722054183483123779e-02
1.722051762044429779e-02
1.722072996199131012e-02
1.722060889005661011e-02
1.739042624831199646e-02
1.787043921649456024e-02
1.851201616227626801e-02
1.942546851933002472e-02
2.064630575478076935e-02
2.217719703912734985e-02
2.417656965553760529e-02
2.670363150537014008e-02
2.976597845554351807e-02
3.341455757617950439e-02
3.778697177767753601e-02
4.308488219976425171e-02
4.922293499112129211e-02
5.614119768142700195e-02
6.411822140216827393e-02
7.319895923137664795e-02
8.323379606008529663e-02
9.433673322200775146e-02
1.061262562870979309e-01
1.190044209361076355e-01
1.325821429491043091e-01
1.468357294797897339e-01
1.615369617938995361e-01
1.765633225440979004e-01
1.918362379074096680e-01
2.071525603532791138e-01
2.224828302860260010e-01
2.375069558620452881e-01
2.522094547748565674e-01
2.665470540523529053e-01
2.802443206310272217e-01
2.933560013771057129e-01
3.060238659381866455e-01
3.178564608097076416e-01
3.290113806724548340e-01
3.395580053329467773e-01
3.494114279747009277e-01
3.584807813167572021e-01
3.669213056564331055e-01
3.746361732482910156e-01
3.817072510719299316e-01
3.881871998310089111e-01
3.941476047039031982e-01
3.995483517646789551e-01
4.042950868606567383e-01
4.085988402366638184e-01
4.125647246837615967e-01
4.161075651645660400e-01
4.191777706146240234e-01
4.218386113643646240e-01
4.242185056209564209e-01
4.263693094253540039e-01
4.282039105892181396e-01
4.298903644084930420e-01
4.312306940555572510e-01
4.322640597820281982e-01
4.331757128238677979e-01
4.341481328010559082e-01
4.341851472854614258e-01
4.342094063758850098e-01
4.342096149921417236e-01
4.342097640037536621e-01
4.342098534107208252e-01
4.342099428176879883e-01
4.342100024223327637e-01
4.342100322246551514e-01
4.342100620269775391e-01
4.342101216316223145e-01
4.342101812362670898e-01
4.342101216316223145e-01
4.342101812362670898e-01
4.342103302478790283e-01
4.342097342014312744e-01
4.342094659805297852e-01
4.342066347599029541e-01
4.342000186443328857e-01
4.341737926006317139e-01
4.340400993824005127e-01
4.336138069629669189e-01
4.335439503192901611e-01
4.333210885524749756e-01
4.328894615173339844e-01
4.327335357666015625e-01
4.325937032699584961e-01
4.325897395610809326e-01
4.325434863567352295e-01
4.325381517410278320e-01
4.325381815433502197e-01
4.325381517410278320e-01
4.325377643108367920e-01
4.325370490550994873e-01
4.325369298458099365e-01
4.325369000434875488e-01
4.325368702411651611e-01
4.325369000434875488e-01
4.325368404388427734e-01
4.325368106365203857e-01
4.325368702411651611e-01
4.325368404388427734e-01
4.325368702411651611e-01
4.325369298458099365e-01
4.325371980667114258e-01
4.325371980667114258e-01
4.325371980667114258e-01
4.325371980667114258e-01
4.325373768806457520e-01
4.325377643108367920e-01
4.325379431247711182e-01
4.325402677059173584e-01
4.325416386127471924e-01
4.325456619262695312e-01
4.325502216815948486e-01
4.325505495071411133e-01
4.325506091117858887e-01
4.325506091117858887e-01
4.325510263442993164e-01
4.325535297393798828e-01
4.325536489486694336e-01
4.325536191463470459e-01
4.325537383556365967e-01
4.325541257858276367e-01
4.325541257858276367e-01
4.325541555881500244e-01
4.325541555881500244e-01
