4.660026431083679199e-01
4.660026431083679199e-01
4.660025835037231445e-01
4.660025238990783691e-01
4.660021364688873291e-01
4.660020768642425537e-01
4.660018682479858398e-01
4.660020172595977783e-01
4.660024344921112061e-01
4.660028815269470215e-01
4.660080671310424805e-01
4.661726653575897217e-01
4.663415253162384033e-01
4.663718938827514648e-01
4.663727283477783203e-01
4.663729965686798096e-01
4.663728773593902588e-01
4.663728773593902588e-01
4.663728177547454834e-01
4.663728177547454834e-01
4.663725495338439941e-01
4.663720726966857910e-01
4.663712680339813232e-01
4.663694798946380615e-01
4.663539528846740723e-01
4.662504792213439941e-01
4.660664796829223633e-01
4.658947587013244629e-01
4.657345712184906006e-01
4.655604362487792969e-01
4.653342962265014648e-01
4.651401638984680176e-01
4.650224745273590088e-01
4.648532867431640625e-01
4.647802114486694336e-01
4.647508561611175537e-01
4.647490084171295166e-01
4.647473990917205811e-01
4.647463560104370117e-01
4.647462069988250732e-01
4.647462069988250732e-01
4.647462069988250732e-01
4.647461771965026855e-01
4.647462069988250732e-01
4.647462964057922363e-01
4.647462666034698486e-01
4.647464454174041748e-01
4.647466838359832764e-01
4.647467136383056641e-01
4.647469222545623779e-01
4.647470414638519287e-01
4.647470712661743164e-01
4.647470712661743164e-01
4.647472500801086426e-01
4.647472202777862549e-01
4.647473394870758057e-01
4.647473096847534180e-01
4.647473692893981934e-01
4.647470712661743164e-01
4.647462666034698486e-01
4.647461175918579102e-01
4.647460281848907471e-01
4.647458195686340332e-01
4.647027850151062012e-01
4.642722308635711670e-01
4.636580646038055420e-01
4.629184007644653320e-01
4.619868099689483643e-01
4.608063697814941406e-01
4.594502151012420654e-01
4.578639864921569824e-01
4.559372365474700928e-01
4.536888599395751953e-01
4.511309266090393066e-01
4.481792747974395752e-01
4.447611868381500244e-01
4.408818185329437256e-01
4.365565478801727295e-01
4.317409992218017578e-01
4.263491034507751465e-01
4.203270673751831055e-01
4.136881530284881592e-01
4.064517021179199219e-01
3.985758125782012939e-01
3.899796605110168457e-01
3.806270658969879150e-01
3.705667555332183838e-01
3.598740100860595703e-01
3.485667705535888672e-01
3.366114795207977295e-01
3.240066170692443848e-01
3.108298480510711670e-01
2.971941232681274414e-01
2.831801772117614746e-01
2.688349485397338867e-01
2.542318701744079590e-01
2.394975572824478149e-01
2.247709631919860840e-01
2.101532816886901855e-01
1.957067251205444336e-01
1.814978867769241333e-01
1.676415354013442993e-01
1.542861461639404297e-01
1.415467411279678345e-01
1.294755339622497559e-01
1.180957183241844177e-01
1.074422374367713928e-01
9.756021201610565186e-02
8.847320079803466797e-02
8.017803728580474854e-02
7.267823070287704468e-02
6.596744060516357422e-02
6.000287085771560669e-02
5.472751706838607788e-02
5.009474605321884155e-02
4.604380950331687927e-02
4.252594709396362305e-02
3.950982540845870972e-02
3.694397211074829102e-02
3.472060710191726685e-02
3.280106931924819946e-02
3.117822855710983276e-02
2.983261272311210632e-02
2.864133566617965698e-02
2.762358635663986206e-02
2.680588886141777039e-02
2.608683705329895020e-02
2.546042203903198242e-02
2.494847029447555542e-02
2.448754757642745972e-02
2.409712411463260651e-02
2.375876158475875854e-02
2.347661927342414856e-02
2.322040684521198273e-02
2.297579124569892883e-02
2.277458459138870239e-02
2.262925170361995697e-02
2.245323359966278076e-02
2.232020907104015350e-02
2.219620160758495331e-02
2.205985784530639648e-02
2.197204343974590302e-02
2.187050133943557739e-02
2.176995016634464264e-02
2.169144153594970703e-02
2.162146382033824921e-02
2.154938317835330963e-02
2.146951109170913696e-02
2.142308838665485382e-02
2.137772738933563232e-02
2.130906842648983002e-02
2.127176523208618164e-02
2.121990919113159180e-02
2.115282975137233734e-02
2.111862041056156158e-02
2.107011713087558746e-02
2.103601768612861633e-02
2.098562568426132202e-02
2.094210498034954071e-02
2.089849300682544708e-02
2.088359184563159943e-02
2.083794772624969482e-02
2.078201994299888611e-02
2.076076343655586243e-02
2.073149383068084717e-02
2.069268375635147095e-02
2.066903747618198395e-02
2.061518654227256775e-02
2.060574665665626526e-02
2.058156393468379974e-02
2.053387649357318878e-02
2.050108090043067932e-02
2.047875523567199707e-02
2.046472951769828796e-02
2.042452245950698853e-02
2.040687575936317444e-02
2.037997730076313019e-02
2.035525813698768616e-02
2.033767662942409515e-02
2.030211873352527618e-02
2.029006555676460266e-02
2.027738094329833984e-02
2.026116847991943359e-02
2.024448849260807037e-02
2.023274078965187073e-02
2.019395679235458374e-02
2.019360661506652832e-02
2.018968760967254639e-02
2.017844840884208679e-02
2.017138525843620300e-02
2.016800269484519958e-02
2.016779594123363495e-02
2.016760036349296570e-02
2.016711980104446411e-02
2.016681246459484100e-02
2.016675285995006561e-02
2.016675285995006561e-02
2.016673237085342407e-02
2.016659826040267944e-02
2.016658335924148560e-02
