4.694473445415496826e-01
4.694470763206481934e-01
4.694470763206481934e-01
4.694470167160034180e-01
4.694467484951019287e-01
4.694467484951019287e-01
4.694473743438720703e-01
4.694474637508392334e-01
4.694477617740631104e-01
4.694476425647735596e-01
4.694471061229705811e-01
4.694418907165527344e-01
4.694398641586303711e-01
4.693544805049896240e-01
4.689636230468750000e-01
4.685758054256439209e-01
4.681842625141143799e-01
4.678852260112762451e-01
4.677158594131469727e-01
4.677158594131469727e-01
4.677152335643768311e-01
4.677142798900604248e-01
4.677145779132843018e-01
4.677145779132843018e-01
4.677146971225738525e-01
4.677149951457977295e-01
4.677157998085021973e-01
4.677172601222991943e-01
4.677355587482452393e-01
4.680257439613342285e-01
4.681998193264007568e-01
4.685675799846649170e-01
4.689167439937591553e-01
4.692809581756591797e-01
4.695640504360198975e-01
4.697963297367095947e-01
4.697976112365722656e-01
4.697977900505065918e-01
4.698063433170318604e-01
4.698064327239990234e-01
4.698063135147094727e-01
4.698059558868408203e-01
4.698060750961303711e-01
4.698047935962677002e-01
4.698043763637542725e-01
4.697809219360351562e-01
4.695435464382171631e-01
4.689824283123016357e-01
4.682172834873199463e-01
4.673109352588653564e-01
4.662643969058990479e-01
4.651206433773040771e-01
4.639182984828948975e-01
4.625111520290374756e-01
4.608897268772125244e-01
4.591522812843322754e-01
4.572302401065826416e-01
4.551005959510803223e-01
4.527974426746368408e-01
4.502639770507812500e-01
4.474910795688629150e-01
4.445558786392211914e-01
4.414837956428527832e-01
4.382304251194000244e-01
4.347561597824096680e-01
4.310382306575775146e-01
4.270682334899902344e-01
4.228951632976531982e-01
4.185833632946014404e-01
4.141028225421905518e-01
4.093719720840454102e-01
4.043801128864288330e-01
3.991702198982238770e-01
3.937638103961944580e-01
3.881787061691284180e-01
3.824462890625000000e-01
3.765580654144287109e-01
3.704669773578643799e-01
3.641662001609802246e-01
3.577008247375488281e-01
3.510936200618743896e-01
3.443294465541839600e-01
3.374004364013671875e-01
3.303158283233642578e-01
3.231058716773986816e-01
3.158158063888549805e-01
3.084463477134704590e-01
3.009527921676635742e-01
2.933290302753448486e-01
2.856300473213195801e-01
2.779076397418975830e-01
2.701679468154907227e-01
2.623949050903320312e-01
2.545891106128692627e-01
2.467731237411499023e-01
2.389629930257797241e-01
2.311692982912063599e-01
2.234112918376922607e-01
2.157004475593566895e-01
2.080285698175430298e-01
2.003915458917617798e-01
1.928080767393112183e-01
1.853171586990356445e-01
1.779457479715347290e-01
1.706981211900711060e-01
1.635848581790924072e-01
1.565989106893539429e-01
1.497045904397964478e-01
1.429133713245391846e-01
1.363092064857482910e-01
1.299176216125488281e-01
1.236782595515251160e-01
1.175955161452293396e-01
1.117099076509475708e-01
1.059524044394493103e-01
1.003130599856376648e-01
9.492062777280807495e-02
8.975549042224884033e-02
8.473333716392517090e-02
7.995282858610153198e-02
7.538206130266189575e-02
7.086794823408126831e-02
6.654106080532073975e-02
6.248790025711059570e-02
5.859481915831565857e-02
5.491974204778671265e-02
5.142773687839508057e-02
4.801817610859870911e-02
4.482037946581840515e-02
4.183963313698768616e-02
3.902279958128929138e-02
3.633585944771766663e-02
3.371858224272727966e-02
3.188157081604003906e-02
3.188069537281990051e-02
